  k        nodes  branch   m=2mod3 odd frac      min n                  max n
  1            1  1.0000    0.0000   0.0000          2                      2
  2            1  1.0000    0.0000   0.0000          4                      4
  3            1  1.0000    0.0000   0.0000          8                      8
  4            2  2.0000    1.0000   0.5000          5                     16
  5            3  1.5000    0.5000   0.3333          3                     32
  6            4  1.3333    0.3333   0.2500          6                     64
  7            5  1.2500    0.2500   0.2000         12                    128
  8            6  1.2000    0.2000   0.1667         24                    256
  9            8  1.3333    0.3333   0.2500         17                    512
 10           12  1.5000    0.5000   0.3333         11                   1024
 11           18  1.5000    0.5000   0.3333          7                   2048
 12           24  1.3333    0.3333   0.2500         14                   4096
 13           31  1.2917    0.2917   0.2258          9                   8192
 14           39  1.2581    0.2581   0.2051         18                  16384
 15           50  1.2821    0.2821   0.2200         36                  32768
 16           68  1.3600    0.3600   0.2647         25                  65536
 17           91  1.3382    0.3382   0.2527         49                 131072
 18          120  1.3187    0.3187   0.2417         33                 262144
 19          159  1.3250    0.3250   0.2453         65                 524288
 20          211  1.3270    0.3270   0.2464         43                1048576
 21          282  1.3365    0.3365   0.2518         86                2097152
 22          381  1.3511    0.3511   0.2598         57                4194304
 23          505  1.3255    0.3255   0.2455         39                8388608
 24          665  1.3168    0.3168   0.2406         78               16777216
 25          885  1.3308    0.3308   0.2486        153               33554432
 26         1187  1.3412    0.3412   0.2544        105               67108864
 27         1590  1.3395    0.3395   0.2535        203              134217728
 28         2122  1.3346    0.3346   0.2507        135              268435456
 29         2829  1.3332    0.3332   0.2499        270              536870912
 30         3765  1.3309    0.3309   0.2486        185             1073741824
 31         5014  1.3317    0.3317   0.2491        123             2147483648
 32         6682  1.3327    0.3327   0.2496        246             4294967296
 33         8902  1.3322    0.3322   0.2494        169             8589934592
 34        11878  1.3343    0.3343   0.2505        329            17179869184
