  k    survivors    density  branch
  1            1   0.500000   1.000
     survivors mod 2: [1]
  2            1   0.250000   1.000
     survivors mod 4: [3]
  3            2   0.250000   2.000
     survivors mod 8: [3, 7]
  4            3   0.187500   1.500
     survivors mod 16: [7, 11, 15]
  5            4   0.125000   1.333
     survivors mod 32: [7, 15, 27, 31]
  6            8   0.125000   2.000
     survivors mod 64: [7, 15, 27, 31, 39, 47, 59, 63]
  7           13   0.101562   1.625
     survivors mod 128: [27, 31, 39, 47, 63, 71, 79, 91, 95, 103, 111, 123, 127]
  8           19   0.074219   1.462
  9           38   0.074219   2.000
 10           64   0.062500   1.684
 11          128   0.062500   2.000
 12          226   0.055176   1.766
 13          367   0.044800   1.624
 14          734   0.044800   2.000
 15         1295   0.039520   1.764
 16         2114   0.032257   1.632
 17         4228   0.032257   2.000
 18         7495   0.028591   1.773
 19        14990   0.028591   2.000
 20        27328   0.026062   1.823
 21        46611   0.022226   1.706
 22        93222   0.022226   2.000
